1 12 50 60	15 24	90 100		0
1 12 50 60	0 8	90 100		0
1 12 50 60	8 10   	90 100	 	1.5	
1 12 50 60	14 15	90 100		1.5
1 12 50 60	10 14	90 100		3	
1 12 50 60	15 8	60 90		0	
1 12 50 60	8 10	60 90		1
1 12 50 60	14 15	60 90		1	
1 12 50 60	10 14	60 90		2	
1 12 50 60	15 8	60 0		0	
1 12 50 60	8 10   	60 0	  	0.5
1 12 50 60	14 15	60 0		0.5
1 12 50 60	10 14	60 0  		1.5	
				
2   3   10   11	16 24	90 100	0
2   3   10   11	0 7	90 100	0
2   3   10   11	7 9	90 100	2
2   3   10   11	15 16	90 100  2	
2   3   10   11	9 15	90 100	4	
2   3   10   11	16 24	60 90	0
2   3   10   11	0 7	0 90	0
2   3   10   11	7 9	60 90	2	
2   3   10   11	15 16	60 90	2
2   3   10   11	9 15	60 90	3	
2   3   10   11	16 24	60 0	0
2   3   10   11	0 7	60 0	0
2   3   10   11	7 9	60 0	0.5
2   3   10   11	15 16	60 0	0.5	
2   3   10   11	9 15	60 0	1.5	
				
4 5 9 100	18 24	90 100	0
4 5 9 100	0 6	90 100	0	
4 5 9 100	6 7	90 100	3.5
4 5 9 100	17 18	90 100	3.5
4 5 9 100	7 17	90 100	5	
4 5 9 100	18 24	60 90	0
4 5 9 100	0 6	60 90	0	
4 5 9 100	6 7	60 90	3	
4 5 9 100	7 17	60 90	4	
4 5 9 100	18 24	60 0	0
4 5 9 100	0 6	60 0	0	
4 5 9 100	6 7   	60 0	1
4 5 9 100	17 18	60 0	1
4 5 9 100	7 17	60 0	2	
				
6 7 8 50	20 24	90 100	0
6 7 8 50	0 5	90 100	0
6 7 8 50	5 7	90 100	3.5
6 7 8 50	19 20	90 100	3.5	
6 7 8 50	7 19	90 100	5	
6 7 8 50	20 24	60 90	0
6 7 8 50	0 5	60 90	0
6 7 8 50	5 7  	60 90	3
6 7 8 50	19 20	60 90	3
6 7 8 50	7 19	60 90	4	
6 7 8 50	20 24	60 0	0
6 7 8 50	0 5	60 0	0
6 7 8 50	5 7	60 0	1
6 7 8 50	19 20	60 0	1	
6 7 8 50	7 19	60 0	2	